
power = 2784.63927739531
throughput = 17199.15
composite = 6920.50783019667
